    0.352
    1.036
    1.700
    2.364
    3.024
    3.668
    4.324
    4.980
    5.656
    6.312
    6.960
    7.612
    8.248
    8.896
    9.540
   10.184
   10.824
   11.472
   12.128
   12.776
   13.432
   14.088
   14.756
   15.424
   16.112
   16.768
   17.444
   18.124
   18.816
   19.484
   20.164
   20.856
   21.552
   22.224
   22.900
   23.600
   24.304
   24.968
   25.644
   26.328
   27.008
   27.680
   28.356
   29.036
   29.696
   30.356
   31.032
   31.684
   32.344
   33.000
   33.660
   34.312
   34.976
   35.644
   36.300
   36.964
   37.640
   38.308
   38.988
   39.676
   40.348
   41.040
   41.744
   42.424
   43.100
   43.776
   44.460
   45.128
   45.808
   46.496
   47.168
   47.808
   48.480
   49.136
   49.788
   50.440
   51.112
   51.756
   52.412
   53.064
   53.712
   54.372
   55.028
   55.696
   56.344
   57.008
   57.672
   58.332
   58.996
   59.652
   60.300
   60.948
   61.584
   62.220
   62.852
   63.476
   64.096
   64.724
   65.356
   65.992
   66.628
   67.272
   67.908
   68.556
   69.212
   69.872
   70.524
   71.176
   71.824
   72.464
   73.104
   73.744
   74.376
   75.012
   75.656
   76.296
   76.956
   77.624
   78.284
   78.960
   79.664
   80.348
   81.044
   81.756
   82.448
   83.124
   83.808
   84.504
   85.172
   85.856
   86.552
   87.240
   87.924
   88.604
   89.300
   89.968
   90.644
   91.312
   91.980
   92.652
   93.324
   94.004
   94.692
   95.356
   96.028
   96.700
   97.360
   98.032
   98.700
   99.396
  100.088
  100.752
  101.416
  102.088
  102.744
  103.376
  104.008
  104.636
  105.264
  105.884
  106.496
  107.104
  107.712
  108.316
  108.924
  109.544
  110.160
  110.792
  111.432
  112.068
  112.720
  113.376
  114.028
  114.692
  115.360
  116.024
  116.688
  117.356
  118.032
  118.708
  119.396
  120.096
  120.792
  121.488
  122.184
  122.884
  123.548
  124.216
  124.884
  125.532
  126.192
  126.860
  127.528
  128.168
  128.804
  129.448
  130.096
  130.736
  131.388
  132.068
  132.728
  133.384
  134.044
  134.728
  135.380
  136.040
  136.712
  137.372
  138.048
  138.736
  139.420
  140.104
  140.792
  141.488
  142.180
  142.892
  143.600
  144.276
  144.968
  145.668
  146.340
  147.020
  147.712
  148.376
  149.064
  149.752
  150.420
  151.092
  151.768
  152.436
  153.080
  153.720
  154.364
  155.004
  155.640
  156.276
  156.928
  157.580
  158.232
  158.896
  159.572
  160.240
  160.904
  161.584
  162.248
  162.928
  163.612
  164.276
  164.968
  165.664
  166.348
  167.008
  167.672
  168.340
  168.992
  169.652
  170.324
  170.992
  171.652
  172.320
  172.988
  173.636
  174.288
  174.940
  175.600
  176.248
  176.896
  177.572
  178.232
  178.888
  179.540
  180.200
  180.848
  181.492
  182.144
  182.788
  183.444
  184.100
  184.748
  185.400
  186.060
  186.712
  187.364
  188.020
  188.692
  189.372
  190.024
  190.684
  191.340
  192.012
  192.660
  193.324
  193.988
  194.656
  195.320
  195.980
  196.672
  197.340
  198.024
  198.708
  199.408
  200.088
  200.760
  201.424
  202.080
  202.728
  203.368
  204.008
  204.648
  205.280
  205.904
  206.544
  207.172
  207.808
  208.460
  209.112
  209.772
  210.428
  211.112
  211.776
  212.444
  213.116
  213.776
  214.452
  215.136
  215.812
  216.492
  217.184
  217.856
  218.536
  219.232
  219.896
  220.580
  221.272
  221.956
  222.636
  223.320
  224.012
  224.692
  225.348
  226.008
  226.672
  227.368
  228.028
  228.684
  229.344
  230.008
  230.668
  231.320
  231.976
  232.620
  233.268
  233.924
  234.572
  235.220
  235.844
  236.464
  237.080
  237.692
  238.296
  238.912
  239.544
  240.184
  240.808
  241.432
  242.064
  242.704
  243.332
  243.960
  244.592
  245.236
  245.876
  246.516
  247.148
  247.780
  248.396
  249.012
  249.624
  250.236
  250.856
  251.472
  252.100
  252.728
  253.360
  253.996
  254.628
  255.260
  255.900
  256.548
  257.208
  257.880
  258.556
  259.224
  259.872
  260.520
  261.164
  261.796
  262.428
  263.064
  263.684
  264.316
  264.952
  265.600
  266.252
  266.912
  267.584
  268.232
  268.884
  269.540
  270.184
  270.836
  271.492
  272.148
  272.816
  273.496
  274.176
  274.860
  275.544
  276.232
  276.928
  277.612
  278.300
  278.960
  279.656
  280.344
  281.036
  281.736
  282.428
  283.116
  283.808
  284.508
  285.192
  285.888
  286.580
  287.252
  287.916
  288.572
  289.220
  289.864
  290.512
  291.160
  291.816
  292.480
  293.148
  293.828
  294.500
  295.184
  295.868
  296.560
  297.248
  297.936
  298.608
  299.284
  299.968
  300.644
  301.332
  301.840
  302.520
  303.176
  303.828
  304.476
  305.112
  305.752
  306.392
  307.020
  307.648
  308.276
  308.916
  309.556
  310.208
  310.852
  311.500
  312.152
  312.804
  313.448
  314.108
  314.764
  315.416
  316.076
  316.772
  317.432
  318.108
  318.796
  319.492
  320.208
  320.892
  321.584
  322.288
  323.028
  323.768
  324.472
  325.164
  325.856
  326.564
  327.284
  327.988
  328.668
  329.344
  330.028
  330.700
  331.356
  332.012
  332.656
  333.304
  333.956
  334.604
  335.268
  335.948
  336.636
  337.300
  337.972
  338.644
  339.316
  339.992
  340.668
  341.364
  342.040
  342.716
  343.392
  344.092
  344.772
  345.448
  346.124
  346.800
  347.480
  348.160
  348.848
  349.520
  350.200
  350.892
  351.604
  352.300
  352.972
  353.644
  354.328
  355.028
  355.700
  356.360
  357.020
  357.692
  358.364
  359.016
  359.668
  360.320
  360.968
  361.608
  362.244
  362.872
  363.512
  364.160
  364.792
  365.436
  366.080
  366.724
  367.360
  368.008
  368.656
  369.304
  369.960
  370.616
  371.268
  371.928
  372.596
  373.260
  373.932
  374.600
  375.260
  375.940
  376.632
  377.296
  377.980
  378.668
  379.344
  380.036
  380.744
  381.452
  382.128
  382.816
  383.508
  384.196
  384.864
  385.536
  386.220
  386.876
  387.544
  388.220
  388.876
  389.536
  390.196
  390.844
  391.484
  392.124
  392.780
  393.420
  394.064
  394.716
  395.384
  396.040
  396.684
  397.336
  397.996
  398.644
  399.292
  399.936
  400.596
  401.236
  401.884
  402.536
  403.192
  403.852
  404.528
  405.196
  405.872
  406.556
  407.236
  407.920
  408.596
  409.288
  409.960
  410.632
  411.304
  411.980
  412.644
  413.292
  413.944
  414.592
  415.224
  415.852
  416.476
  417.116
  417.744
  418.380
  419.024
  419.676
  420.324
  420.984
  421.648
  422.300
  422.960
  423.620
  424.288
  424.972
  425.672
  426.340
  427.032
  427.724
  428.400
  429.072
  429.764
  430.436
  431.116
  431.800
  432.468
  433.144
  433.820
  434.480
  435.148
  435.816
  436.488
  437.152
  437.788
  438.432
  439.072
  439.708
  440.364
  441.016
  441.664
  442.312
  442.964
  443.636
  444.284
  444.944
  445.604
  446.264
  446.924
  447.592
  448.288
  448.960
  449.644
  450.352
  451.056
  451.744
  452.436
  453.140
  453.844
  454.528
  455.208
  455.892
  456.580
  457.272
  457.924
  458.568
  459.212
  459.860
  460.504
  461.160
  461.828
  462.496
  463.152
  463.804
  464.476
  465.136
  465.820
  466.516
  467.220
  467.896
  468.584
  469.280
  469.988
  470.676
  471.348
  472.024
  472.740
  473.452
  474.160
  474.844
  475.536
  476.228
  476.940
  477.620
  478.300
  478.980
  479.648
  480.316
  480.996
  481.684
  482.356
  483.036
  483.732
  484.400
  485.088
  485.792
  486.456
  487.124
  487.792
  488.480
  489.136
  489.800
  490.480
  491.172
  491.852
  492.520
  493.192
  493.868
  494.532
  495.204
  495.892
  496.576
  497.228
  497.884
  498.560
  499.228
  499.900
  500.568
  501.248
  501.904
  502.568
  503.232
  503.908
  504.556
  505.200
  505.844
  506.488
  507.140
  507.808
  508.476
  509.164
  509.844
  510.516
  511.208
  511.900
  512.576
  513.240
  513.904
  514.552
  515.208
  515.844
  516.476
  517.112
  517.736
  518.360
  518.992
  519.616
  520.252
  520.888
  521.536
  522.176
  522.816
  523.464
  524.100
  524.744
  525.392
  526.040
  526.700
  527.356
  528.024
  528.692
  529.360
  530.036
  530.700
  531.380
  532.068
  532.744
  533.416
  534.080
  534.748
  535.400
  536.060
  536.712
  537.364
  538.000
  538.640
  539.292
  539.932
  540.580
  541.236
  541.880
  542.532
  543.184
  543.828
  544.480
  545.136
  545.796
  546.440
  547.084
  547.740
  548.396
  549.056
  549.716
  550.368
  551.028
  551.692
  552.348
  553.012
  553.704
  554.412
  555.084
  555.760
  556.444
  557.112
  557.792
  558.492
  559.152
  559.824
  560.492
  561.172
  561.824
  562.472
  563.124
  563.776
  564.412
  565.044
  565.728
  566.404
  567.088
  567.760
  568.424
  569.080
  569.728
  570.364
  570.992
  571.612
  572.244
  572.876
  573.520
  574.156
  574.788
  575.424
  576.064
  576.692
  577.320
  577.952
  578.576
  579.204
  579.828
  580.452
  581.068
  581.676
  582.292
  582.904
  583.520
  584.148
  584.792
  585.448
  586.108
  586.800
  587.500
  588.212
  588.896
  589.584
  590.288
  590.960
  591.640
  592.324
  592.984
  593.656
  594.328
  594.976
  595.636
  596.296
  596.932
  597.580
  598.216
  598.852
  599.492
  600.132
  600.756
  601.388
  602.016
  602.644
  603.280
  603.912
  604.556
  605.212
  605.884
  606.548
  607.204
  607.868
  608.544
  609.180
  609.832
  610.476
  611.112
  611.748
  612.384
  613.008
  613.636
  614.248
  614.868
  615.480
  616.096
  616.712
  617.328
  617.948
  618.572
  619.200
  619.824
  620.456
  621.088
  621.724
  622.364
  623.004
  623.652
  624.300
  624.964
  625.620
  626.292
  626.948
  627.612
  628.264
  628.924
  629.572
  630.224
  630.868
  631.532
  632.188
  632.852
  633.504
  634.172
  634.820
  635.472
  636.116
  636.772
  637.420
  638.072
  638.716
  639.348
  639.996
  640.644
  641.292
  641.936
  642.576
  643.224
  643.872
  644.516
  645.168
  645.820
  646.468
  647.120
  647.764
  648.400
  649.036
  649.668
  650.304
  650.940
  651.576
  652.216
  652.860
  653.520
  654.176
  654.836
  655.500
  656.164
  656.824
  657.488
  658.144
  658.804
  659.468
  660.124
  660.784
  661.436
  662.080
  662.732
  663.400
  664.048
  664.708
  665.368
  666.020
  666.684
  667.356
  668.012
  668.676
  669.344
  670.000
  670.660
  671.320
  671.980
  672.624
  673.268
  673.900
  674.552
  675.180
  675.824
  676.456
  677.084
  677.700
  678.312
  678.928
  679.544
  680.156
  680.760
  681.368
  681.980
  682.592
  683.212
  683.832
  684.456
  685.088
  685.724
  686.364
  687.004
  687.652
  688.296
  688.940
  689.584
  690.224
  690.868
  691.500
  692.140
  692.776
  693.428
  694.060
  694.696
  695.332
  695.956
  696.580
  697.200
  697.824
  698.440
  699.064
  699.688
  700.308
  700.940
  701.560
  702.180
  702.792
  703.412
  704.032
  704.644
  705.264
  705.884
  706.512
  707.140
  707.764
  708.388
  709.016
  709.648
  710.288
  710.944
  711.588
  712.232
  712.880
  713.520
  714.168
  714.804
  715.448
  716.088
  716.728
  717.376
  718.032
  718.672
  719.320
  719.972
  720.616
  721.264
  721.932
  722.624
  723.276
  723.924
  724.572
  725.208
  725.856
  726.532
  727.188
  727.828
  728.460
  729.096
  729.724
  730.352
  730.988
  731.628
  732.268
  732.924
  733.564
  734.220
  734.872
  735.528
  736.184
  736.844
  737.496
  738.164
  738.832
  739.480
  740.140
  740.812
  741.464
  742.116
  742.764
  743.408
  744.052
  744.692
  745.332
  745.984
  746.628
  747.276
  747.924
  748.568
  749.216
  749.880
  750.540
  751.204
  751.864
  752.536
  753.212
  753.884
  754.568
  755.228
  755.900
  756.556
  757.208
  757.848
  758.488
  759.120
  759.756
  760.392
  761.016
  761.640
  762.248
  762.860
  763.464
  764.076
  764.696
  765.320
  765.952
  766.576
  767.204
  767.828
  768.460
  769.092
  769.724
  770.364
  771.004
  771.648
  772.284
  772.952
  773.600
  774.240
  774.872
  775.504
  776.140
  776.764
  777.392
  778.016
  778.660
  779.300
  779.940
  780.572
  781.204
  781.836
  782.472
  783.112
  783.752
  784.392
  785.044
  785.712
  786.388
  787.072
  787.756
  788.420
  789.084
  789.744
  790.416
  791.080
  791.752
  792.424
  793.116
  793.780
  794.456
  795.140
  795.840
  796.520
  797.184
  797.828
  798.464
  799.108
  799.748
  800.388
  801.020
  801.668
  802.308
  802.944
  803.588
  804.220
  804.860
  805.504
  806.148
  806.780
  807.412
  808.068
  808.744
  809.396
  810.048
  810.708
  811.372
  812.016
  812.660
  813.308
  813.968
  814.624
  815.260
  815.900
  816.552
  817.236
  817.908
  818.556
  819.208
  819.860
  820.500
  821.132
  821.760
  822.380
  822.996
  823.604
  824.208
  824.816
  825.432
  826.048
  826.672
  827.300
  827.924
  828.560
  829.200
  829.836
  830.480
  831.128
  831.784
  832.432
  833.744
  834.432
  835.088
  835.736
  836.360
  836.968
  837.576
  838.188
  838.804
  839.412
  840.016
  840.624
  841.236
  841.848
  842.456
  843.064
  843.664
  844.264
  844.864
  845.464
  846.056
  846.644
  847.232
  847.820
  848.416
  849.016
  849.628
  850.236
  850.856
  851.472
  852.100
  852.728
  853.356
  853.988
  854.624
  855.264
  855.908
  856.552
  857.204
  857.856
  858.508
  859.164
  859.800
  860.436
  861.072
  861.704
  862.328
  862.952
  863.576
  864.192
  864.804
  865.416
  866.024
  866.636
  867.248
  867.868
  868.500
  869.144
  869.796
  870.460
  871.136
  871.816
  872.500
  873.176
  873.856
  874.532
  875.204
  875.868
  876.532
  877.196
  877.852
  878.516
  879.184
  879.848
  880.500
  881.152
  881.788
  882.428
  883.060
  883.688
  884.316
  884.940
  885.560
  886.180
  886.808
  887.444
  888.080
  888.716
  889.352
  890.000
  890.648
  891.304
  891.968
  892.632
  893.288
  893.948
  894.604
  895.256
  895.904
  896.548
  897.192
  897.816
  898.436
  899.064
  899.684
  900.304
  900.920
  901.536
  902.136
  902.740
  903.340
  903.944
  904.544
  905.144
  905.740
  906.344
  906.948
  907.568
  908.180
  908.804
  909.424
  910.060
  910.704
  911.352
  912.004
  912.664
  913.324
  913.992
  914.656
  915.328
  915.992
  916.632
  917.272
  917.916
  918.548
  919.180
  919.812
  920.444
  921.076
  921.712
  922.340
  922.972
  923.604
  924.228
  924.856
  925.492
  926.120
  926.764
  927.416
  928.060
  928.724
  929.380
  930.032
  930.680
  931.320
  931.960
  932.612
  933.252
  933.900
  934.552
  935.216
  935.856
  936.500
  937.148
  937.804
  938.440
  939.076
  939.716
  940.364
  941.000
  941.632
  942.264
  942.912
  943.540
  944.168
  944.796
  945.428
  946.044
  946.660
  947.276
  947.888
  948.504
  949.112
  949.728
  950.336
  950.944
  951.560
  952.176
  952.792
  953.408
  954.032
  954.652
  955.284
  955.944
  956.624
  957.296
  957.976
  958.668
  959.368
  960.056
  960.724
  961.392
  962.036
  962.676
  963.316
  963.960
  964.588
  965.216
  965.856
  966.496
  967.132
  967.768
  968.392
  969.012
  969.636
  970.256
  970.872
  971.488
  972.108
  972.724
  973.348
  973.972
  974.596
  975.232
  975.876
  976.516
  977.176
  977.844
  978.508
  979.180
  979.860
  980.532
  981.216
  981.880
  982.564
  983.240
  983.916
  984.608
  985.304
  985.968
  986.636
  987.308
  987.976
  988.628
  989.276
  989.936
  990.576
  991.212
  991.844
  992.488
  993.124
  993.752
  994.384
  995.024
  995.652
  996.280
  996.912
  997.544
  998.188
  998.840
  999.516
 1000.192
 1000.852
 1001.512
 1002.180
 1002.836
 1003.472
 1004.112
 1004.744
 1005.380
 1006.032
 1006.700
 1007.340
 1007.984
 1008.624
 1009.260
 1009.900
 1010.532
 1011.176
 1011.816
 1012.444
 1013.088
 1013.732
 1014.380
 1015.016
 1015.652
 1016.292
 1016.920
 1017.564
 1018.220
 1018.880
 1019.516
 1020.152
 1020.776
 1021.408
 1022.032
 1022.660
 1023.288
 1023.912
 1024.544
 1025.172
 1025.800
 1026.432
 1027.060
 1027.700
 1028.340
 1028.980
 1029.620
 1030.264
 1030.908
 1031.548
 1032.196
 1032.836
 1033.492
 1034.144
 1034.804
 1035.460
 1036.116
 1036.776
 1037.428
 1038.096
 1038.752
 1039.416
 1040.084
 1040.744
 1041.408
 1042.076
 1042.732
 1043.380
 1044.024
 1044.672
 1045.336
 1045.976
 1046.612
 1047.248
 1047.872
 1048.504
 1049.132
 1049.784
 1050.424
 1051.076
 1051.732
 1052.376
 1053.032
 1053.676
 1054.328
 1054.964
 1055.596
 1056.224
 1056.852
 1057.480
 1058.116
 1058.756
 1059.388
 1060.024
 1060.664
 1061.308
 1061.940
 1062.572
 1063.212
 1063.844
 1064.484
 1065.120
 1065.768
 1066.416
 1067.064
 1067.716
 1068.368
 1069.020
 1069.656
 1070.296
 1070.940
 1071.576
 1072.220
 1072.848
 1073.496
 1074.148
 1074.800
 1075.444
 1076.084
 1076.720
 1077.352
 1077.976
 1078.604
 1079.224
 1079.824
 1080.448
 1081.096
 1081.724
 1082.368
 1082.996
 1083.628
 1084.256
 1084.880
 1085.512
 1086.140
 1086.772
 1087.408
 1088.052
 1088.692
 1089.332
 1089.980
 1090.636
 1091.284
 1091.916
 1092.548
 1093.176
 1093.808
 1094.444
 1095.072
 1095.704
 1096.332
 1096.972
 1097.604
 1098.252
 1098.892
 1099.528
 1100.168
 1100.808
 1101.464
 1102.124
 1102.808
 1103.468
 1104.136
 1104.816
 1105.484
 1106.148
 1106.820
 1107.508
 1108.176
 1108.848
 1109.528
 1110.216
 1110.872
 1111.516
 1112.152
 1112.780
 1113.392
 1114.000
 1114.608
 1115.208
 1115.812
 1116.416
 1117.016
 1117.612
 1118.204
 1118.796
 1119.396
 1120.004
 1120.612
 1121.224
 1121.848
 1122.488
 1123.128
 1123.796
 1124.452
 1125.116
 1125.792
 1126.500
 1127.176
 1127.884
 1128.616
 1129.388
 1130.116
 1130.828
 1131.556
 1132.332
 1133.040
 1133.756
 1134.448
 1135.100
 1135.756
 1136.408
 1137.100
 1137.804
 1138.464
 1139.124
 1139.780
 1140.424
 1141.064
 1141.696
 1142.348
 1143.012
 1143.704
 1144.412
 1145.084
 1145.764
 1146.432
 1147.096
 1147.768
 1148.476
 1149.164
 1149.844
 1150.508
 1151.180
 1151.836
 1152.496
 1153.152
 1153.812
 1154.496
 1155.180
 1155.860
 1156.536
 1157.188
 1157.840
 1158.484
 1159.144
 1159.816
 1160.512
 1161.184
 1161.844
 1162.500
 1163.148
 1163.804
 1164.496
 1165.176
 1165.844
 1166.512
 1167.200
 1167.880
 1168.556
 1169.232
 1169.932
 1170.624
 1171.292
 1171.972
 1172.664
 1173.312
 1173.952
 1174.592
 1175.240
 1175.860
 1176.480
 1177.104
 1177.724
 1178.340
 1178.956
 1179.576
 1180.192
 1180.808
 1181.424
 1182.052
 1182.676
 1183.316
 1183.960
 1184.600
 1185.244
 1185.900
 1186.564
 1187.220
 1187.888
 1188.552
 1189.220
 1189.896
 1190.564
 1191.232
 1191.888
 1192.540
 1193.196
 1193.844
 1194.512
 1195.180
 1195.848
 1196.492
 1197.136
 1197.788
 1198.452
 1199.092
 1199.732
 1200.384
 1201.028
 1201.668
 1202.320
 1202.964
 1203.612
 1204.248
 1204.884
 1205.528
 1206.168
 1206.812
 1207.468
 1208.156
 1208.816
 1209.464
 1210.124
 1210.796
 1211.460
 1212.124
 1212.792
 1213.464
 1214.112
 1214.744
 1215.376
 1215.996
 1216.616
 1217.244
 1217.876
 1218.492
 1219.108
 1219.732
 1220.352
 1220.968
 1221.596
 1222.220
 1222.844
 1223.484
 1224.128
 1224.760
 1225.392
 1226.028
 1226.672
 1227.316
 1227.964
 1228.624
 1229.276
 1229.940
 1230.600
 1231.244
 1231.896
 1232.544
 1233.212
 1233.896
 1234.576
 1235.260
 1235.936
 1236.608
 1237.264
 1237.928
 1238.584
 1239.228
 1239.880
 1240.560
 1241.228
 1241.880
 1242.548
 1243.228
 1243.908
 1244.568
 1245.232
 1245.912
 1246.592
 1247.240
 1247.884
 1248.532
 1249.196
 1249.848
 1250.488
 1251.124
 1251.764
 1252.392
 1253.012
 1253.620
 1254.236
 1254.848
 1255.456
 1256.064
 1256.672
 1257.276
 1257.872
 1258.464
 1259.056
 1259.652
 1260.244
 1260.844
 1261.448
 1262.072
 1262.700
 1263.336
 1264.000
 1264.688
 1265.392
 1266.080
 1266.776
 1267.540
 1268.284
 1268.988
 1269.700
 1270.376
 1271.068
 1271.736
 1272.436
 1273.112
 1273.812
 1274.532
 1275.228
 1275.920
 1276.632
 1277.384
 1278.108
 1278.804
 1279.512
 1280.240
 1280.956
 1281.656
 1282.376
 1283.108
 1283.824
 1284.504
 1285.192
 1285.888
 1286.608
 1287.288
 1287.956
 1288.644
 1289.320
 1289.968
 1290.596
 1291.216
 1291.844
 1292.456
 1293.064
 1293.672
 1294.300
 1294.924
 1295.548
 1296.172
 1296.812
 1297.452
 1298.100
 1298.760
 1299.452
 1300.120
 1300.800
 1301.480
 1302.144
 1302.820
 1303.508
 1304.220
 1304.920
 1305.576
 1306.240
 1306.900
 1307.572
 1308.248
 1308.912
 1309.572
 1310.244
 1310.896
 1311.544
 1312.216
 1312.924
 1313.592
 1314.252
 1314.912
 1315.584
 1316.244
 1316.916
 1317.596
 1318.300
 1318.964
 1319.632
 1320.324
 1321.032
 1321.728
 1322.408
 1323.100
 1323.840
 1324.536
 1325.216
 1325.904
 1326.600
 1327.336
 1328.024
 1328.712
 1329.404
 1330.100
 1330.764
 1331.432
 1332.096
 1332.764
 1333.412
 1334.056
 1334.688
 1335.324
 1335.968
 1336.596
 1337.216
 1337.828
 1338.456
 1339.084
 1339.700
 1340.312
 1340.936
 1341.552
 1342.172
 1342.800
 1343.452
 1344.080
 1344.724
 1345.384
 1346.060
 1346.716
 1347.384
 1348.068
 1348.764
 1349.432
 1350.108
 1350.816
 1351.520
 1352.212
 1352.880
 1353.548
 1354.236
 1354.948
 1355.672
 1356.372
 1357.052
 1357.728
 1358.428
 1359.140
 1359.828
 1360.520
 1361.220
 1361.920
 1362.612
 1363.280
 1363.940
 1364.616
 1365.320
 1365.984
 1366.652
 1367.316
 1367.996
 1368.656
 1369.316
 1369.980
 1370.648
 1371.296
 1371.944
 1372.600
 1373.284
 1373.960
 1374.644
 1375.348
 1376.060
 1376.760
 1377.428
 1378.116
 1378.820
 1379.540
 1380.244
 1380.940
 1381.604
 1382.268
 1382.960
 1383.672
 1384.372
 1385.052
 1385.724
 1386.408
 1387.088
 1387.744
 1388.392
 1389.044
 1389.684
 1390.320
 1390.948
 1391.576
 1392.208
 1392.832
 1393.464
 1394.092
 1394.720
 1395.372
 1396.052
 1396.744
 1397.444
 1398.188
 1398.896
 1399.656
 1400.440
 1401.228
 1402.040
 1402.852
 1403.624
 1404.376
 1405.124
 1405.876
 1406.624
 1407.336
 1408.044
 1408.744
 1409.460
 1410.136
 1410.804
 1411.464
 1412.132
 1412.800
 1413.440
 1414.064
 1414.680
 1415.308
 1415.924
 1416.532
 1417.132
 1417.728
 1418.328
 1418.932
 1419.556
 1420.172
 1420.784
 1421.404
 1422.052
 1422.716
 1423.368
 1424.040
 1424.748
 1425.488
 1426.196
 1426.888
 1427.580
 1428.292
 1428.960
 1429.628
 1430.324
 1431.052
 1431.792
 1432.480
 1433.172
 1433.880
 1434.616
 1435.320
 1435.984
 1436.652
 1437.344
 1438.072
 1438.756
 1439.436
 1440.116
 1440.808
 1441.476
 1442.144
 1442.808
 1443.488
 1444.148
 1444.816
 1445.496
 1446.200
 1446.860
 1447.524
 1448.192
 1448.876
 1449.540
 1450.208
 1450.872
 1451.540
 1452.212
 1452.876
 1453.528
 1454.180
 1454.852
 1455.520
 1456.192
 1456.876
 1457.560
 1458.232
 1458.904
 1459.584
 1460.244
 1460.908
 1461.592
 1462.268
 1462.920
 1463.564
 1464.200
 1464.840
 1465.488
 1466.160
 1466.820
 1467.476
 1468.148
 1468.812
 1469.476
 1470.136
 1470.816
 1471.488
 1472.164
 1472.856
 1473.552
 1474.240
 1474.932
 1475.628
 1476.336
 1477.040
 1477.748
 1478.472
 1479.164
 1479.856
 1480.572
 1481.272
 1481.972
 1482.680
 1483.376
 1484.056
 1484.732
 1485.424
 1486.116
 1486.788
 1487.456
 1488.140
 1488.808
 1489.488
 1490.148
 1490.812
 1491.472
 1492.128
 1492.784
 1493.440
 1494.096
 1494.768
 1495.436
 1496.108
 1496.776
 1497.448
 1498.116
 1498.796
 1499.476
 1500.148
 1500.820
 1501.496
 1502.176
 1502.856
 1503.560
 1504.260
 1504.964
 1505.676
 1506.404
 1507.096
 1507.792
 1508.488
 1509.196
 1509.872
 1510.552
 1511.228
 1511.904
 1512.560
 1513.224
 1513.892
 1514.572
 1515.244
 1515.928
 1516.616
 1517.296
 1517.984
 1518.672
 1519.336
 1519.996
 1520.660
 1521.312
 1521.956
 1522.596
 1523.252
 1523.900
 1524.548
 1525.196
 1525.832
 1526.468
 1527.108
 1527.740
 1528.368
 1529.000
 1529.632
 1530.272
 1530.916
 1531.572
 1532.220
 1532.884
 1533.560
 1534.228
 1534.908
 1535.592
 1536.284
 1536.956
 1537.632
 1538.316
 1538.988
 1539.668
 1540.348
 1541.032
 1541.692
 1542.344
 1542.996
 1543.636
 1544.276
 1544.916
 1545.572
 1546.224
 1546.892
 1547.568
 1548.256
 1548.972
 1549.676
 1550.392
 1551.092
 1551.808
 1552.508
 1553.216
 1553.904
 1554.600
 1555.300
 1555.984
 1556.672
 1557.356
 1558.036
 1558.724
 1559.404
 1560.104
 1560.812
 1561.492
 1562.180
 1562.860
 1563.528
 1564.200
 1564.856
 1565.516
 1566.188
 1566.864
 1567.536
 1568.224
 1568.900
 1569.588
 1570.288
 1571.012
 1571.724
 1572.416
 1573.104
 1573.808
 1574.524
 1575.208
 1575.912
 1576.628
 1577.340
 1578.020
 1578.708
 1579.392
 1580.096
 1580.776
 1581.448
 1582.136
 1582.816
 1583.480
 1584.136
 1584.784
 1585.440
 1586.096
 1586.752
 1587.416
 1588.068
 1588.732
 1589.404
 1590.064
 1590.728
 1591.404
 1592.084
 1592.752
 1593.424
 1594.124
 1594.808
 1595.484
 1596.160
 1596.848
 1597.548
 1598.216
 1598.880
 1599.548
 1600.216
 1600.872
 1601.516
 1602.160
 1602.808
 1603.468
 1604.120
 1604.780
 1605.452
 1606.104
 1606.756
 1607.412
 1608.064
 1608.724
 1609.400
 1610.100
 1610.768
 1611.448
 1612.120
 1612.780
 1613.448
 1614.112
 1614.776
 1615.428
 1616.068
 1616.712
 1617.364
 1618.024
 1618.676
 1619.332
 1619.996
 1620.664
 1621.316
 1621.968
 1622.624
 1623.276
 1623.928
 1624.580
 1625.244
 1625.900
 1626.572
 1627.248
 1627.956
 1628.636
 1629.320
 1630.024
 1630.748
 1631.452
 1632.160
 1632.892
 1633.636
 1634.364
 1635.080
 1635.808
 1636.544
 1637.272
 1637.984
 1638.688
 1639.408
 1640.144
 1640.832
 1641.544
 1642.264
 1643.020
 1643.728
 1644.436
 1645.136
 1645.852
 1646.540
 1647.236
 1647.924
 1648.636
 1649.324
 1650.016
 1650.704
 1651.408
 1652.088
 1652.772
 1653.480
 1654.172
 1654.876
 1655.608
 1656.316
 1657.048
 1657.820
 1658.600
 1659.352
 1660.076
 1660.808
 1661.552
 1662.288
 1662.988
 1663.692
 1664.408
 1665.144
 1665.852
 1666.564
 1667.272
 1667.964
 1668.652
 1669.332
 1669.996
 1670.672
 1671.336
 1672.000
 1672.664
 1673.328
 1673.976
 1674.616
 1675.268
 1675.936
 1676.596
 1677.248
 1677.900
 1678.568
 1679.248
 1679.916
 1680.596
 1681.288
 1681.996
 1682.676
 1683.364
 1684.068
 1684.796
 1685.484
 1686.172
 1686.856
 1687.552
 1688.256
 1688.940
 1689.628
 1690.324
 1691.000
 1691.672
 1692.348
 1693.044
 1693.756
 1694.440
 1695.128
 1695.824
 1696.524
 1697.192
 1697.868
 1698.532
 1699.208
 1699.884
 1700.536
 1701.184
 1701.836
 1702.496
 1703.140
 1703.792
 1704.460
 1705.128
 1705.808
 1706.496
 1707.192
 1707.864
 1708.548
 1709.236
 1709.928
 1710.600
 1711.268
 1711.936
 1712.600
 1713.272
 1713.944
 1714.600
 1715.264
 1715.924
 1716.588
 1717.248
 1717.912
 1718.576
 1719.228
 1719.892
 1720.552
 1721.204
 1721.868
 1722.524
 1723.188
 1723.848
 1724.512
 1725.196
 1725.876
 1726.584
 1727.304
 1728.032
 1728.760
 1729.476
 1730.204
 1730.960
 1731.716
 1732.432
 1733.164
 1733.904
 1734.648
 1735.364
 1736.052
 1736.748
 1737.452
 1738.160
 1738.832
 1739.508
 1740.192
 1740.856
 1741.520
 1742.188
 1742.848
 1743.524
 1744.200
 1744.884
 1745.572
 1746.260
 1746.960
 1747.644
 1748.332
 1749.016
 1749.692
 1750.380
 1751.068
 1751.744
 1752.432
 1753.128
 1753.832
 1754.516
 1755.204
 1755.912
 1756.620
 1757.300
 1757.976
 1758.660
 1759.356
 1760.036
 1760.692
 1761.344
 1762.020
 1762.708
 1763.372
 1764.040
 1764.724
 1765.408
 1766.056
 1766.704
 1767.344
 1767.980
 1768.608
 1769.240
 1769.884
 1770.520
 1771.164
 1771.820
 1772.476
 1773.136
 1773.808
 1774.480
 1775.144
 1775.800
 1776.476
 1777.164
 1777.852
 1778.532
 1779.208
 1779.868
 1780.524
 1781.180
 1781.848
 1782.516
 1783.192
 1783.872
 1784.552
 1785.232
 1785.912
 1786.568
 1787.216
 1787.864
 1788.516
 1789.156
 1789.796
 1790.440
 1791.100
 1791.744
 1792.396
 1793.044
 1793.692
 1794.336
 1794.980
 1795.628
 1796.280
 1796.944
 1797.620
 1798.316
 1799.004
 1799.712
 1800.456
 1801.204
 1801.924
 1802.640
 1803.352
 1804.064
 1804.752
 1805.436
 1806.140
 1806.840
 1807.528
 1808.188
 1808.840
 1809.488
 1810.144
 1810.812
 1811.456
 1812.100
 1812.748
 1813.384
 1814.024
 1814.664
 1815.308
 1815.948
 1816.592
 1817.236
 1817.868
 1818.500
 1819.140
 1819.784
 1820.440
 1821.120
 1821.808
 1822.492
 1823.172
 1823.868
 1824.544
 1825.220
 1825.900
 1826.596
 1827.264
 1827.940
 1828.608
 1829.268
 1829.932
 1830.588
 1831.248
 1831.916
 1832.584
 1833.244
 1833.908
 1834.564
 1835.240
 1835.896
 1836.556
 1837.212
 1837.864
 1838.512
 1839.160
 1839.812
 1840.468
 1841.100
 1841.732
 1842.380
 1843.020
 1843.656
 1844.300
 1844.944
 1845.580
 1846.212
 1846.848
 1847.488
 1848.144
 1848.804
 1849.484
 1850.144
 1850.808
 1851.460
 1852.120
 1852.784
 1853.440
 1854.112
 1854.800
 1855.492
 1856.176
 1856.868
 1857.584
 1858.272
 1858.944
 1859.620
 1860.292
 1860.952
 1861.604
 1862.252
 1862.904
 1863.548
 1864.204
 1864.856
 1865.512
 1866.176
 1866.840
 1867.504
 1868.176
 1868.828
 1869.488
 1870.152
 1870.832
 1871.516
 1872.192
 1872.856
 1873.516
 1874.164
 1874.816
 1875.472
 1876.120
 1876.776
 1877.440
 1878.100
 1878.772
 1879.452
 1880.112
 1880.784
 1881.448
 1882.108
 1882.752
 1883.400
 1884.044
 1884.688
 1885.340
 1885.996
 1886.660
 1887.336
 1888.000
 1888.656
 1889.312
 1889.968
 1890.624
 1891.296
 1892.008
 1892.688
 1893.376
 1894.088
 1894.788
 1895.492
 1896.216
 1896.956
 1897.648
 1898.352
 1899.052
 1899.752
 1900.436
 1901.124
 1901.836
 1902.528
 1903.232
 1903.940
 1904.664
 1905.360
 1906.076
 1906.800
 1907.524
 1908.228
 1908.940
 1909.684
 1910.416
 1911.116
 1911.812
 1912.504
 1913.204
 1913.888
 1914.564
 1915.248
 1915.936
 1916.624
 1917.312
 1917.988
 1918.664
 1919.312
 1919.968
 1920.624
 1921.288
 1921.936
 1922.584
 1923.240
 1923.900
 1924.552
 1925.212
 1925.880
 1926.556
 1927.236
 1927.928
 1928.632
 1929.312
 1929.996
 1930.684
 1931.392
 1932.088
 1932.756
 1933.436
 1934.120
 1934.824
 1935.524
 1936.188
 1936.868
 1937.552
 1938.252
 1938.916
 1939.592
 1940.284
 1940.980
 1941.648
 1942.316
 1942.992
 1943.652
 1944.316
 1944.988
 1945.644
 1946.312
 1946.984
 1947.648
 1948.312
 1948.972
 1949.632
 1950.312
 1951.000
 1951.672
 1952.328
 1952.964
 1953.600
 1954.252
 1954.928
 1955.592
 1956.244
 1956.900
 1957.596
 1958.300
 1958.964
 1959.636
 1960.312
 1960.992
 1961.652
 1962.320
 1963.000
 1963.660
 1964.332
 1965.000
 1965.680
 1966.336
 1966.992
 1967.656
 1968.324
 1968.980
 1969.636
 1970.308
 1970.996
 1971.652
 1972.316
 1972.988
 1973.668
 1974.332
 1974.984
 1975.628
 1976.276
 1976.904
 1977.540
 1978.188
 1978.832
 1979.484
 1980.140
 1980.800
 1981.448
 1982.104
 1982.768
 1983.412
 1984.064
 1984.712
 1985.368
 1986.016
 1986.664
 1987.324
 1987.996
 1988.648
 1989.304
 1989.968
 1990.644
 1991.304
 1991.960
 1992.616
 1993.268
 1993.904
 1994.536
 1995.180
 1995.828
 1996.464
 1997.104
 1997.752
 1998.388
 1999.032
 1999.680
 2000.332
 2000.968
 2001.612
 2002.260
 2002.920
 2003.568
 2004.224
 2004.892
 2005.588
 2006.276
 2006.968
 2007.660
 2008.360
 2009.024
 2009.696
 2010.372
 2011.080
 2011.748
 2012.412
 2013.080
 2013.728
 2014.380
 2015.036
 2015.704
 2016.356
 2017.008
 2017.660
 2018.312
 2018.960
 2019.612
 2020.272
 2020.932
 2021.612
 2022.304
 2022.980
 2023.652
 2024.332
 2025.012
 2025.684
 2026.344
 2027.016
 2027.708
 2028.420
 2029.100
 2029.804
 2030.520
 2031.232
 2031.908
 2032.588
 2033.284
 2033.980
 2034.664
 2035.320
 2035.968
 2036.620
 2037.276
 2037.924
 2038.576
 2039.240
 2039.904
 2040.560
 2041.220
 2041.884
 2042.536
 2043.208
 2043.880
 2044.540
 2045.200
 2045.864
 2046.544
 2047.224
 2047.892
 2048.572
 2049.272
 2049.956
 2050.668
 2051.384
 2052.120
 2052.852
 2053.576
 2054.304
 2055.020
 2055.724
 2056.456
 2057.216
 2057.916
 2058.624
 2059.360
 2060.064
 2060.772
 2061.484
 2062.188
 2062.856
 2063.540
 2064.216
 2064.876
 2065.536
 2066.208
 2066.872
 2067.540
 2068.192
 2068.840
 2069.480
 2070.128
 2070.776
 2071.432
 2072.100
 2072.792
 2073.496
 2074.188
 2074.884
 2075.596
 2076.280
 2076.968
 2077.664
 2078.360
 2079.024
 2079.688
 2080.360
 2081.016
 2081.672
 2082.324
 2082.976
 2083.644
 2084.316
 2085.000
 2085.664
 2086.336
 2087.016
 2087.716
 2088.392
 2089.072
 2089.756
 2090.464
 2091.136
 2091.816
 2092.516
 2093.208
 2093.880
 2094.552
 2095.232
 2095.900
 2096.560
 2097.220
 2097.892
 2098.552
 2099.208
 2099.868
 2100.520
 2101.168
 2101.816
 2102.464
 2103.112
 2103.776
 2104.444
 2105.120
 2105.812
 2106.516
 2107.200
 2107.880
 2108.556
 2109.228
 2109.904
 2110.588
 2111.280
 2111.960
 2112.644
 2113.328
 2114.040
 2114.724
 2115.420
 2116.116
 2116.808
 2117.476
 2118.156
 2118.852
 2119.568
 2120.248
 2120.932
 2121.616
 2122.312
 2123.000
 2123.672
 2124.356
 2125.044
 2125.744
 2126.412
 2127.076
 2127.756
 2128.448
 2129.112
 2129.768
 2130.424
 2131.072
 2131.716
 2132.364
 2133.024
 2133.664
 2134.316
 2134.968
 2135.612
 2136.272
 2136.944
 2137.620
 2138.288
 2138.964
 2139.672
 2140.360
 2141.052
 2141.776
 2142.516
 2143.224
 2143.904
 2144.588
 2145.256
 2145.916
 2146.576
 2147.264
 2147.952
 2148.620
 2149.288
 2149.968
 2150.636
 2151.312
 2151.984
 2152.668
 2153.340
 2154.020
 2154.716
 2155.388
 2156.052
 2156.716
 2157.376
 2158.028
 2158.668
 2159.308
 2159.952
 2160.612
 2161.260
 2161.908
 2162.564
 2163.220
 2163.872
 2164.524
 2165.196
 2165.852
 2166.512
 2167.176
 2167.840
 2168.512
 2169.192
 2169.908
 2170.584
 2171.268
 2171.952
 2172.616
 2173.280
 2173.944
 2174.624
 2175.280
 2175.940
 2176.596
 2177.264
 2177.904
 2178.544
 2179.180
 2179.836
 2180.496
 2181.160
 2181.844
 2182.524
 2183.204
 2183.876
 2184.556
 2185.252
 2185.924
 2186.600
 2187.288
 2187.996
 2188.676
 2189.360
 2190.048
 2190.736
 2191.436
 2192.136
 2192.812
 2193.508
 2194.200
 2194.920
 2195.636
 2196.312
 2196.992
 2197.676
 2198.356
 2199.060
 2199.764
 2200.456
 2201.140
 2201.824
 2202.504
 2203.152
 2203.804
 2204.456
 2205.128
 2205.804
 2206.488
 2207.168
 2207.864
 2208.556
 2209.248
 2209.964
 2210.660
 2211.368
 2212.088
 2212.796
 2213.516
 2214.232
 2214.968
 2215.680
 2216.372
 2217.076
 2217.804
 2218.540
 2219.264
 2219.960
 2220.656
 2221.360
 2222.060
 2222.724
 2223.392
 2224.060
 2224.728
 2225.404
 2226.068
 2226.744
 2227.400
 2228.048
 2228.692
 2229.348
 2230.004
 2230.660
 2231.320
 2232.000
 2232.668
 2233.340
 2234.016
 2234.704
 2235.372
 2236.044
 2236.728
 2237.420
 2238.092
 2238.752
 2239.416
 2240.092
 2240.760
 2241.428
 2242.104
 2242.784
 2243.440
 2244.096
 2244.756
 2245.412
 2246.056
 2246.704
 2247.368
 2248.028
 2248.700
 2249.380
 2250.092
 2250.772
 2251.464
 2252.160
 2252.856
 2253.548
 2254.220
 2254.896
 2255.588
 2256.268
 2256.924
 2257.576
 2258.228
 2258.876
 2259.516
 2260.156
 2260.804
 2261.468
 2262.120
 2262.776
 2263.448
 2264.112
 2264.764
 2265.412
 2266.080
 2266.748
 2267.404
 2268.068
 2268.744
 2269.436
 2270.096
 2270.764
 2271.444
 2272.136
 2272.808
 2273.488
 2274.172
 2274.864
 2275.532
 2276.204
 2276.880
 2277.572
 2278.244
 2278.900
 2279.548
 2280.204
 2280.836
 2281.476
 2282.116
 2282.768
 2283.408
 2284.052
 2284.704
 2285.348
 2285.996
 2286.644
 2287.288
 2287.936
 2288.596
 2289.272
 2289.928
 2290.600
 2291.284
 2291.972
 2292.656
 2293.352
 2294.056
 2294.736
 2295.412
 2296.092
 2296.808
 2297.520
 2298.212
 2298.908
 2299.628
 2300.348
 2301.028
 2301.716
 2302.396
 2303.084
 2303.784
 2304.456
 2305.128
 2305.812
 2306.520
 2307.196
 2307.864
 2308.528
 2309.208
 2309.888
 2310.540
 2311.184
 2311.828
 2312.468
 2313.092
 2313.724
 2314.368
 2315.004
 2315.652
 2316.296
 2316.948
 2317.600
 2318.256
 2318.928
 2319.600
 2320.272
 2320.964
 2321.656
 2322.352
 2323.040
 2323.744
 2324.444
 2325.144
 2325.844
 2326.572
 2327.260
 2327.952
 2328.648
 2329.364
 2330.048
 2330.720
 2331.392
 2332.076
 2332.756
 2333.412
 2334.064
 2334.724
 2335.384
 2336.036
 2336.696
 2337.340
 2337.976
 2338.608
 2339.244
 2339.884
 2340.508
 2341.140
 2341.788
 2342.464
 2343.124
 2343.804
 2344.492
 2345.196
 2345.872
 2346.556
 2347.256
 2347.952
 2348.628
 2349.316
 2350.016
 2350.704
 2351.376
 2352.044
 2352.732
 2353.412
 2354.076
 2354.740
 2355.420
 2356.088
 2356.744
 2357.400
 2358.052
 2358.696
 2359.348
 2359.992
 2360.644
 2361.292
 2361.936
 2362.580
 2363.228
 2363.872
 2364.528
 2365.180
 2365.844
 2366.504
 2367.176
 2367.844
 2368.516
 2369.196
 2369.884
 2370.576
 2371.284
 2371.968
 2372.660
 2373.368
 2374.060
 2374.756
 2375.448
 2376.136
 2376.820
 2377.472
 2378.124
 2378.768
 2379.408
 2380.032
 2380.660
 2381.292
 2381.920
 2382.560
 2383.208
 2383.872
 2384.532
 2385.196
 2385.876
 2386.540
 2387.200
 2387.868
 2388.540
 2389.208
 2389.884
 2390.572
 2391.240
 2391.916
 2392.592
 2393.304
 2393.984
 2394.676
 2395.404
 2396.112
 2396.800
 2397.492
 2398.196
 2398.876
 2399.556
 2400.240
 2400.948
 2401.620
 2402.288
 2402.948
 2403.620
 2404.276
 2404.940
 2405.600
 2406.248
 2406.904
 2407.568
 2408.232
 2408.904
 2409.564
 2410.236
 2410.900
 2411.568
 2412.240
 2412.940
 2413.620
 2414.308
 2415.008
 2415.732
 2416.408
 2417.096
 2417.776
 2418.452
 2419.108
 2419.764
 2420.416
 2421.080
 2421.732
 2422.380
 2423.036
 2423.680
 2424.344
 2425.004
 2425.688
 2426.348
 2427.004
 2427.664
 2428.320
 2428.984
 2429.648
 2430.308
 2430.976
 2431.644
 2432.324
 2432.980
 2433.648
 2434.320
 2434.976
 2435.640
 2436.304
 2436.964
 2437.608
 2438.248
 2438.888
 2439.540
 2440.176
 2440.808
 2441.448
 2442.096
 2442.736
 2443.376
 2444.028
 2444.676
 2445.328
 2445.996
 2446.668
 2447.352
 2448.048
 2448.724
 2449.396
 2450.064
 2450.732
 2451.384
 2452.040
 2452.688
 2453.328
 2453.964
 2454.592
 2455.216
 2455.848
 2456.476
 2457.112
 2457.756
 2458.392
 2459.040
 2459.688
 2460.332
 2460.976
 2461.624
 2462.276
 2462.932
 2463.580
 2464.240
 2464.904
 2465.576
 2466.252
 2466.932
 2467.600
 2468.272
 2468.960
 2469.624
 2470.296
 2470.952
 2471.612
 2472.272
 2472.936
 2473.604
 2474.268
 2474.932
 2475.608
 2476.288
 2476.952
 2477.616
 2478.264
 2478.928
 2479.592
 2480.264
 2480.928
 2481.596
 2482.284
 2482.980
 2483.668
 2484.352
 2485.036
 2485.736
 2486.424
 2487.116
 2487.808
 2488.500
 2489.176
 2489.852
 2490.528
 2491.200
 2491.868
 2492.540
 2493.216
 2493.884
 2494.548
 2495.228
 2495.908
 2496.596
 2497.296
 2497.984
 2498.676
 2499.360
 2500.024
 2500.692
 2501.344
 2502.016
 2502.680
 2503.348
 2504.012
 2504.672
 2505.336
 2505.988
 2506.640
 2507.288
 2507.936
 2508.580
 2509.232
 2509.884
 2510.536
 2511.180
 2511.840
 2512.488
 2513.140
 2513.780
 2514.416
 2515.052
 2515.684
 2516.324
 2516.968
 2517.624
 2518.276
 2518.936
 2519.604
 2520.272
 2520.948
 2521.632
 2522.316
 2523.012
 2523.700
 2524.388
 2525.092
 2525.824
 2526.508
 2527.196
 2527.868
 2528.540
 2529.204
 2529.860
 2530.520
 2531.172
 2531.832
 2532.496
 2533.160
 2533.820
 2534.476
 2535.144
 2535.808
 2536.468
 2537.124
 2537.784
 2538.448
 2539.116
 2539.776
 2540.444
 2541.112
 2541.772
 2542.432
 2543.084
 2543.740
 2544.400
 2545.072
 2545.760
 2546.412
 2547.064
 2547.708
 2548.356
 2549.008
 2549.656
 2550.316
 2550.968
 2551.620
 2552.280
 2552.932
 2553.600
 2554.268
 2554.936
 2555.608
 2556.268
 2556.936
 2557.584
 2558.236
 2558.892
 2559.544
 2560.204
 2560.864
 2561.528
 2562.176
 2562.824
 2563.476
 2564.124
 2564.776
 2565.424
 2566.064
 2566.704
 2567.340
 2567.980
 2568.612
 2569.248
 2569.892
 2570.548
 2571.212
 2571.880
 2572.556
 2573.248
 2573.928
 2574.620
 2575.308
 2575.992
 2576.680
 2577.388
 2578.084
 2578.780
 2579.504
 2580.196
 2580.892
 2581.592
 2582.292
 2582.968
 2583.640
 2584.316
 2585.000
 2585.688
 2586.348
 2587.004
 2587.656
 2588.288
 2588.916
 2589.532
 2590.156
 2590.764
 2591.372
 2591.968
 2592.572
 2593.132
 2593.744
 2594.364
 2595.000
 2595.688
 2596.368
 2597.052
 2597.764
 2598.536
 2599.288
 2600.028
 2600.784
 2601.580
 2602.368
 2603.120
 2603.840
 2604.564
 2605.320
 2606.096
 2606.824
 2607.532
 2608.240
 2608.984
 2609.680
 2610.400
 2611.144
 2611.852
 2612.556
 2613.264
 2613.988
 2614.676
 2615.340
 2616.000
 2616.668
 2617.352
 2618.008
 2618.668
 2619.344
 2620.036
 2620.696
 2621.360
 2622.036
 2622.768
 2623.508
 2624.192
 2624.880
 2625.556
 2626.232
 2626.908
 2627.592
 2628.292
 2629.012
 2629.712
 2630.400
 2631.084
 2631.780
 2632.492
 2633.160
 2633.828
 2634.492
 2635.176
 2635.852
 2636.516
 2637.188
 2637.888
 2638.560
 2639.228
 2639.900
 2640.584
 2641.252
 2641.916
 2642.564
 2643.220
 2643.876
 2644.528
 2645.180
 2645.836
 2646.480
 2647.124
 2647.792
 2648.492
 2649.160
 2649.836
 2650.528
 2651.204
 2651.872
 2652.540
 2653.204
 2653.884
 2654.572
 2655.264
 2655.916
 2656.584
 2657.260
 2657.968
 2658.656
 2659.332
 2660.008
 2660.692
 2661.372
 2662.068
 2662.784
 2663.480
 2664.192
 2664.892
 2665.564
 2666.236
 2666.904
 2667.588
 2668.260
 2668.936
 2669.636
 2670.356
 2671.064
 2671.784
 2672.512
 2673.244
 2673.944
 2674.660
 2675.400
 2676.164
 2676.920
 2677.640
 2678.380
 2679.124
 2680.468
 2680.916
 2681.592
 2682.252
 2682.820
 2683.900
 2684.512
 2685.084
 2685.652
 2686.216
 2686.660
 2687.240
 2687.768
 2688.308
 2689.920
 2690.472
 2691.020
 2691.580
 2692.148
 2693.332
 2693.616
 2693.916
 2694.480
 2695.032
 2695.596
 2696.156
 2696.712
 2697.268
 2697.836
 2698.400
 2698.972
 2699.564
 2700.156
 2700.748
 2701.348
 2701.948
 2702.552
 2703.160
 2703.768
 2704.380
 2704.988
 2705.596
 2706.204
 2706.796
 2707.376
 2707.956
 2708.520
 2709.068
 2709.652
 2710.216
 2710.784
 2711.348
 2711.912
 2712.484
 2713.048
 2713.612
 2714.176
 2714.744
 2715.304
 2715.864
 2716.420
 2716.996
 2717.556
 2718.116
 2718.680
 2719.248
 2719.812
 2720.388
 2720.968
 2721.544
 2722.124
 2722.712
 2723.316
 2723.948
 2724.584
 2725.220
 2725.852
 2726.480
 2727.076
 2727.680
 2728.288
 2728.904
 2729.516
 2730.128
 2730.740
 2731.372
 2732.000
 2732.612
 2733.220
 2733.844
 2734.456
 2735.064
 2735.664
 2736.280
 2736.916
 2737.536
 2738.152
 2738.768
 2739.392
 2740.016
 2740.640
 2741.288
 2741.972
 2742.644
 2743.288
 2743.932
 2744.576
 2745.212
 2745.848
 2746.476
 2747.104
 2747.748
 2748.408
 2749.076
 2749.760
 2750.444
 2751.120
 2751.760
 2752.400
 2753.036
 2753.692
 2754.352
 2755.000
 2755.640
 2756.276
 2756.912
 2757.556
 2758.188
 2758.816
 2759.456
 2760.096
 2760.720
 2761.340
 2761.968
 2762.588
 2763.212
 2763.844
 2764.500
 2765.148
 2765.804
 2766.468
 2767.160
 2767.860
 2768.552
 2769.212
 2769.884
 2770.560
 2771.248
 2771.936
 2772.604
 2773.260
 2773.912
 2774.572
 2775.232
 2775.872
 2776.508
 2777.156
 2777.800
 2778.428
 2779.056
 2779.696
 2780.332
 2780.968
 2781.608
 2782.244
 2782.884
 2783.528
 2784.188
 2784.832
 2785.484
 2786.140
 2786.820
 2787.484
 2788.152
 2788.840
 2789.540
 2790.216
 2790.904
 2791.608
 2792.308
 2792.988
 2793.672
 2794.352
 2795.036
 2795.688
 2796.348
 2797.008
 2797.672
 2798.308
 2798.944
 2799.580
 2800.212
 2800.836
 2801.452
 2802.064
 2802.680
 2803.288
 2803.884
 2804.484
 2805.100
 2805.740
 2806.404
 2807.036
 2807.680
 2808.332
 2809.008
 2809.664
 2810.332
 2811.008
 2811.696
 2812.368
 2813.048
 2813.720
 2814.396
 2815.048
 2815.716
 2816.372
 2817.000
 2817.624
 2818.248
 2818.884
 2819.524
 2820.168
 2820.816
 2821.436
 2822.060
 2822.676
 2823.284
 2823.884
 2824.480
 2825.076
 2825.676
 2826.292
 2826.924
 2827.544
 2828.168
 2828.800
 2829.456
 2830.100
 2830.744
 2831.388
 2832.044
 2832.688
 2833.332
 2833.980
 2834.656
 2835.320
 2835.968
 2836.616
 2837.264
 2837.920
 2838.572
 2839.220
 2839.904
 2840.608
 2841.268
 2841.936
 2842.612
 2843.308
 2844.012
 2844.708
 2845.412
 2846.152
 2846.884
 2847.564
 2848.256
 2848.940
 2849.620
 2850.272
 2850.924
 2851.576
 2852.240
 2852.908
 2853.548
 2854.180
 2854.820
 2855.480
 2856.124
 2856.776
 2857.428
 2858.084
 2858.728
 2859.360
 2859.992
 2860.648
 2861.312
 2861.952
 2862.592
 2863.232
 2863.860
 2864.504
 2865.156
 2865.836
 2866.504
 2867.156
 2867.804
 2868.468
 2869.132
 2869.772
 2870.412
 2871.052
 2871.696
 2872.344
 2873.008
 2873.660
 2874.308
 2874.968
 2875.628
 2876.272
 2876.912
 2877.548
 2878.200
 2878.844
 2879.484
 2880.120
 2880.768
 2881.420
 2882.068
 2882.712
 2883.372
 2884.024
 2884.676
 2885.328
 2885.980
 2886.624
 2887.268
 2887.932
 2888.584
 2889.252
 2889.932
 2890.596
 2891.268
 2891.940
 2892.596
 2893.248
 2893.908
 2894.564
 2895.212
 2895.868
 2896.536
 2897.208
 2897.860
 2898.516
 2899.160
 2899.812
 2900.468
 2901.128
 2901.776
 2902.408
 2903.036
 2903.672
 2904.300
 2904.940
 2905.580
 2906.228
 2906.876
 2907.504
 2908.128
 2908.740
 2909.356
 2909.976
 2910.628
 2911.324
 2912.004
 2912.684
 2913.372
 2914.076
 2914.800
 2915.488
 2916.168
 2916.840
 2917.516
 2918.192
 2918.844
 2919.492
 2920.156
 2920.840
 2921.496
 2922.168
 2922.864
 2923.612
 2924.328
 2925.056
 2925.780
 2926.536
 2927.276
 2927.972
 2928.680
 2929.392
 2930.140
 2930.876
 2931.556
 2932.260
 2932.964
 2933.688
 2934.384
 2935.076
 2935.768
 2936.492
 2937.176
 2937.860
 2938.532
 2939.220
 2939.900
 2940.568
 2941.236
 2941.920
 2942.620
 2943.292
 2943.972
 2944.688
 2945.420
 2946.104
 2946.796
 2947.496
 2948.216
 2948.904
 2949.596
 2950.284
 2950.992
 2951.680
 2952.340
 2953.008
 2953.696
 2954.412
 2955.084
 2955.760
 2956.436
 2957.116
 2957.772
 2958.424
 2959.076
 2959.736
 2960.384
 2961.028
 2961.672
 2962.308
 2962.940
 2963.572
 2964.208
 2964.844
 2965.472
 2966.104
 2966.760
 2967.432
 2968.120
 2968.796
 2969.456
 2970.120
 2970.792
 2971.476
 2972.140
 2972.796
 2973.456
 2974.128
 2974.816
 2975.476
 2976.144
 2976.828
 2977.524
 2978.192
 2978.860
 2979.528
 2980.200
 2980.864
 2981.528
 2982.212
 2982.928
 2983.648
 2984.336
 2985.024
 2985.716
 2986.420
 2987.120
 2987.796
 2988.476
 2989.156
 2989.832
 2990.484
 2991.136
 2991.796
 2992.476
 2993.164
 2993.816
 2994.472
 2995.132
 2995.808
 2996.456
 2997.100
 2997.740
 2998.376
 2999.012
 2999.648
 3000.308
 3000.984
 3001.640
 3002.304
 3003.008
 3003.728
 3004.400
 3005.076
 3005.756
 3006.468
 3007.124
 3007.784
 3008.440
 3009.108
 3009.760
 3010.424
 3011.108
 3011.812
 3012.504
 3013.208
 3013.908
 3014.636
 3015.336
 3016.020
 3016.704
 3017.408
 3018.116
 3018.784
 3019.468
 3020.152
 3020.860
 3021.528
 3022.188
 3022.852
 3023.528
 3024.184
 3024.840
 3025.500
 3026.184
 3026.856
 3027.512
 3028.176
 3028.856
 3029.552
 3030.220
 3030.900
 3031.608
 3032.352
 3033.056
 3033.768
 3034.508
 3035.220
 3035.920
 3036.588
 3037.264
 3037.956
 3038.664
 3039.344
 3040.000
 3040.656
 3041.316
 3041.984
 3042.624
 3043.268
 3043.912
 3044.556
 3045.192
 3045.824
 3046.472
 3047.140
 3047.796
 3048.452
 3049.112
 3049.788
 3050.456
 3051.100
 3051.748
 3052.412
 3053.100
 3053.796
 3054.456
 3055.132
 3055.828
 3056.540
 3057.220
 3057.904
 3058.592
 3059.300
 3059.964
 3060.632
 3061.300
 3061.968
 3062.628
 3063.272
 3063.912
 3064.560
 3065.220
 3065.864
 3066.520
 3067.172
 3067.852
 3068.524
 3069.196
 3069.860
 3070.520
 3071.164
 3071.804
 3072.436
 3073.068
 3073.716
 3074.380
 3075.040
 3075.692
 3076.356
 3077.040
 3077.756
 3078.444
 3079.104
 3079.768
 3080.444
 3081.112
 3081.780
 3082.440
 3083.096
 3083.744
 3084.392
 3085.048
 3085.700
 3086.360
 3087.028
 3087.740
 3088.420
 3089.128
 3089.852
 3090.596
 3091.308
 3092.052
 3092.816
 3093.576
 3094.284
 3095.000
 3095.732
 3096.464
 3097.164
 3097.896
 3098.644
 3099.368
 3100.064
 3100.772
 3101.476
 3102.184
 3102.864
 3103.536
 3104.208
 3104.892
 3105.552
 3106.208
 3106.860
 3107.524
 3108.172
 3108.812
 3109.448
 3110.100
 3110.744
 3111.388
 3112.028
 3112.700
 3113.424
 3114.124
 3114.804
 3115.500
 3116.228
 3116.964
 3117.672
 3118.352
 3119.028
 3119.720
 3120.424
 3121.100
 3121.776
 3122.464
 3123.180
 3123.916
 3124.624
 3125.348
 3126.080
 3126.812
 3127.504
 3128.204
 3128.924
 3129.652
 3130.352
 3131.048
 3131.744
 3132.460
 3133.152
 3133.820
 3134.484
 3135.152
 3135.804
 3136.444
 3137.084
 3137.724
 3138.364
 3139.008
 3139.680
 3140.340
 3140.988
 3141.632
 3142.284
 3142.940
 3143.584
 3144.236
 3144.900
 3145.556
 3146.212
 3146.868
 3147.548
 3148.240
 3148.912
 3149.600
 3150.308
 3151.028
 3151.740
 3152.428
 3153.120
 3153.820
 3154.520
 3155.216
 3155.884
 3156.556
 3157.244
 3157.944
 3158.612
 3159.280
 3159.952
 3160.632
 3161.292
 3161.952
 3162.624
 3163.296
 3163.940
 3164.592
 3165.248
 3165.924
 3166.580
 3167.248
 3167.924
 3168.628
 3169.296
 3169.972
 3170.648
 3171.332
 3172.016
 3172.676
 3173.348
 3174.048
 3174.780
 3175.504
 3176.196
 3176.900
 3177.628
 3178.380
 3179.092
 3179.808
 3180.556
 3181.288
 3182.008
 3182.728
 3183.460
 3184.160
 3184.876
 3185.560
 3186.228
 3186.888
 3187.532
 3188.176
 3188.820
 3189.488
 3190.152
 3190.828
 3191.520
 3192.252
 3192.944
 3193.664
 3194.388
 3195.100
 3195.812
 3196.540
 3197.224
 3197.916
 3198.608
 3199.316
 3199.980
 3200.648
 3201.320
 3201.996
 3202.684
 3203.360
 3204.052
 3204.716
 3205.376
 3206.036
 3206.704
 3207.360
 3208.016
 3208.664
 3209.324
 3209.992
 3210.668
 3211.372
 3212.088
 3212.780
 3213.476
 3214.196
 3214.928
 3215.648
 3216.324
 3217.008
 3217.708
 3218.432
 3219.160
 3219.868
 3220.580
 3221.348
 3222.128
 3222.864
 3223.576
 3224.288
 3225.020
 3225.724
 3226.404
 3227.088
 3227.792
 3228.512
 3229.192
 3229.868
 3230.552
 3231.272
 3231.956
 3232.644
 3233.348
 3234.084
 3234.780
 3235.468
 3236.160
 3236.836
 3237.500
 3238.160
 3238.832
 3239.496
 3240.136
 3240.772
 3241.428
 3242.076
 3242.716
 3243.364
 3244.052
 3244.732
 3245.400
 3246.080
 3246.756
 3247.444
 3248.128
 3248.820
 3249.512
 3250.216
 3250.892
 3251.564
 3252.240
 3252.912
 3253.580
 3254.256
 3254.936
 3255.612
 3256.284
 3256.952
 3257.636
 3258.296
 3258.964
 3259.644
 3260.320
 3260.980
 3261.632
 3262.276
 3262.916
 3263.560
 3264.208
 3264.848
 3265.492
 3266.152
 3266.828
 3267.480
 3268.136
 3268.796
 3269.468
 3270.116
 3270.756
 3271.400
 3272.036
 3272.688
 3273.328
 3273.984
 3274.636
 3275.296
 3275.964
 3276.640
 3277.316
 3277.992
 3278.684
 3279.360
 3280.056
 3280.732
 3281.420
 3282.096
 3282.788
 3283.468
 3284.160
 3284.856
 3285.552
 3286.256
 3286.980
 3287.688
 3288.404
 3289.124
 3289.852
 3290.544
 3291.260
 3291.984
 3292.724
 3293.460
 3294.156
 3294.848
 3295.532
 3296.208
 3296.884
 3297.560
 3298.212
 3298.920
 3299.592
 3300.260
 3300.952
 3301.628
 3302.308
 3302.976
 3303.632
 3304.280
 3304.932
 3305.572
 3306.220
 3306.892
 3307.584
 3308.276
 3308.980
 3309.712
 3310.420
 3311.160
 3311.920
 3312.668
 3313.392
 3314.120
 3314.864
 3315.584
 3316.312
 3317.036
 3317.780
 3318.488
 3319.196
 3319.916
 3320.660
 3321.376
 3322.088
 3322.788
 3323.504
 3324.200
 3324.900
 3325.584
 3326.256
 3326.928
 3327.608
 3328.304
 3328.984
 3329.668
 3330.360
 3331.064
 3331.732
 3332.404
 3333.080
 3333.772
 3334.448
 3335.120
 3335.792
 3336.468
 3337.124
 3337.784
 3338.440
 3339.124
 3339.796
 3340.468
 3341.152
 3341.860
 3342.548
 3343.236
 3343.916
 3344.604
 3345.292
 3345.952
 3346.608
 3347.272
 3347.948
 3348.620
 3349.276
 3349.928
 3350.584
 3351.252
 3351.920
 3352.572
 3353.232
 3353.900
 3354.564
 3355.204
 3355.844
 3356.492
 3357.164
 3357.816
 3358.476
 3359.132
 3359.788
 3360.448
 3361.108
 3361.776
 3362.444
 3363.124
 3363.856
 3364.576
 3365.320
 3366.072
 3366.832
 3367.596
 3368.344
 3369.076
 3369.772
 3370.476
 3371.180
 3371.876
 3372.548
 3373.228
 3373.884
 3374.540
 3375.200
 3375.876
 3376.536
 3377.184
 3377.828
 3378.460
 3379.092
 3379.724
 3380.364
 3381.000
 3381.644
 3382.324
 3383.000
 3383.688
 3384.392
 3385.092
 3385.796
 3386.500
 3387.212
 3387.944
 3388.672
 3389.396
 3390.108
 3390.812
 3391.492
 3392.152
 3392.808
 3393.476
 3394.176
 3394.860
 3395.552
 3396.252
 3396.976
 3397.688
 3398.396
 3399.104
 3399.812
 3400.488
 3401.168
 3401.844
 3402.520
 3403.188
 3403.852
 3404.520
 3405.208
 3405.912
 3406.588
 3407.264
 3407.944
 3408.644
 3409.344
 3410.032
 3410.700
 3411.360
 3412.016
 3412.688
 3413.364
 3414.020
 3414.684
 3415.360
 3416.052
 3416.736
 3417.408
 3418.076
 3418.752
 3419.448
 3420.112
 3420.784
 3421.456
 3422.144
 3422.808
 3423.468
 3424.136
 3424.824
 3425.480
 3426.136
 3426.796
 3427.484
 3428.160
 3428.832
 3429.496
 3430.164
 3430.836
 3431.480
 3432.124
 3432.780
 3433.468
 3434.132
 3434.792
 3435.456
 3436.144
 3436.824
 3437.472
 3438.120
 3438.772
 3439.440
 3440.096
 3440.752
 3441.408
 3442.072
 3442.724
 3443.368
 3444.016
 3444.672
 3445.332
 3445.976
 3446.632
 3447.304
 3447.984
 3448.648
 3449.312
 3449.984
 3450.664
 3451.328
 3451.984
 3452.644
 3453.308
 3453.964
 3454.612
 3455.260
 3455.912
 3456.572
 3457.216
 3457.828
 3458.468
 3459.100
 3459.728
 3460.360
 3461.000
 3461.624
 3462.252
 3462.892
 3463.552
 3464.200
 3464.844
 3465.496
 3466.160
 3466.804
 3467.448
 3468.100
 3468.748
 3469.404
 3470.060
 3470.744
 3471.416
 3472.108
 3472.828
 3473.544
 3474.224
 3474.932
 3475.652
 3476.372
 3477.076
 3477.776
 3478.480
 3479.212
 3479.916
 3480.632
 3481.360
 3482.104
 3482.808
 3483.516
 3484.220
 3484.948
 3485.656
 3486.340
 3487.020
 3487.696
 3488.356
 3489.012
 3489.672
 3490.320
 3490.968
 3491.624
 3492.324
 3493.000
 3493.696
 3494.408
 3495.128
 3495.812
 3496.504
 3497.204
 3497.916
 3498.624
 3499.308
 3500.000
 3500.708
 3501.424
 3502.104
 3502.800
 3503.496
 3504.188
 3504.844
 3505.492
 3506.136
 3506.784
 3507.432
 3508.076
 3508.716
 3509.364
 3510.004
 3510.632
 3511.260
 3511.888
 3512.516
 3513.136
 3513.756
 3514.392
 3515.052
 3515.692
 3516.336
 3516.992
 3517.708
 3518.444
 3519.184
 3519.880
 3520.576
 3521.276
 3522.000
 3522.712
 3523.416
 3524.120
 3524.860
 3525.576
 3526.264
 3526.952
 3527.652
 3528.360
 3529.060
 3529.732
 3530.400
 3531.080
 3531.780
 3532.488
 3533.164
 3533.852
 3534.556
 3535.268
 3535.964
 3536.636
 3537.308
 3538.004
 3538.708
 3539.392
 3540.080
 3540.792
 3541.504
 3542.192
 3542.900
 3543.628
 3544.348
 3545.036
 3545.728
 3546.440
 3547.156
 3547.820
 3548.492
 3549.172
 3549.832
 3550.476
 3551.112
 3551.748
 3552.400
 3553.072
 3553.732
 3554.392
 3555.048
 3555.696
 3556.336
 3556.964
 3557.596
 3558.232
 3558.856
 3559.488
 3560.152
 3560.864
 3561.552
 3562.236
 3562.936
 3563.644
 3564.360
 3565.036
 3565.720
 3566.420
 3567.140
 3567.816
 3568.500
 3569.200
 3569.896
 3570.572
 3571.260
 3571.936
 3572.620
 3573.288
 3573.952
 3574.632
 3575.316
 3575.996
 3576.680
 3577.400
 3578.108
 3578.772
 3579.432
 3580.096
 3580.772
 3581.436
 3582.092
 3582.748
 3583.412
 3584.092
 3584.748
 3585.412
 3586.076
 3586.764
 3587.420
 3588.076
 3588.736
 3589.424
 3590.088
 3590.752
 3591.412
 3592.084
 3592.724
 3593.368
 3594.008
 3594.664
 3595.308
 3595.940
 3596.568
 3597.212
 3597.860
 3598.504
 3599.144
 3599.780
 3600.432
 3601.088
 3601.736
 3602.396
 3603.084
 3603.764
 3604.440
 3605.116
 3605.800
 3606.492
 3607.152
 3607.816
 3608.488
 3609.160
 3609.848
 3610.520
 3611.192
 3611.844
 3612.504
 3613.180
 3613.868
 3614.532
 3615.200
 3615.860
 3616.528
 3617.184
 3617.828
 3618.468
 3619.100
 3619.728
 3620.356
 3620.984
 3621.624
 3622.272
 3622.952
 3623.628
 3624.320
 3625.020
 3625.760
 3626.460
 3627.164
 3627.884
 3628.624
 3629.324
 3630.032
 3630.728
 3631.440
 3632.120
 3632.816
 3633.520
 3634.248
 3634.936
 3635.608
 3636.280
 3636.960
 3637.656
 3638.340
 3639.000
 3639.664
 3640.352
 3641.084
 3641.764
 3642.456
 3643.156
 3643.884
 3644.544
 3645.208
 3645.868
 3646.536
 3647.184
 3647.848
 3648.520
 3649.212
 3649.884
 3650.568
 3651.268
 3652.000
 3652.720
 3653.392
 3654.076
 3654.760
 3655.452
 3656.144
 3656.812
 3657.500
 3658.208
 3658.936
 3659.624
 3660.308
 3661.004
 3661.700
 3662.380
 3663.052
 3663.728
 3664.388
 3665.036
 3665.672
 3666.296
 3666.916
 3667.544
 3668.180
 3668.816
 3669.464
 3670.132
 3670.820
 3671.476
 3672.152
 3672.832
 3673.536
 3674.216
 3674.912
 3675.636
 3676.360
 3677.056
 3677.756
 3678.480
 3679.192
 3679.884
 3680.564
 3681.236
 3681.888
 3682.524
 3683.156
 3683.800
 3684.460
 3685.096
 3685.744
 3686.400
 3687.096
 3687.788
 3688.444
 3689.108
 3689.768
 3690.444
 3691.088
 3691.740
 3692.392
 3693.052
 3693.684
 3694.316
 3694.948
 3695.580
 3696.200
 3696.824
 3697.452
 3698.092
 3698.716
 3699.348
 3699.976
 3700.600
 3701.220
 3701.836
 3702.452
 3703.076
 3703.696
 3704.312
 3704.936
 3705.564
 3706.216
 3706.856
 3707.516
 3708.176
 3708.852
 3709.536
 3710.224
 3710.896
 3711.548
 3712.184
 3712.812
 3713.444
 3714.084
 3714.728
 3715.384
 3716.040
 3716.696
 3717.348
 3718.000
 3718.640
 3719.264
 3719.888
 3720.512
 3721.148
 3721.788
 3722.448
 3723.112
 3723.780
 3724.452
 3725.140
 3725.840
 3726.548
 3727.264
 3727.976
 3728.704
 3729.424
 3730.136
 3730.848
 3731.568
 3732.280
 3732.964
 3733.636
 3734.300
 3735.000
 3735.720
 3736.400
 3737.096
 3737.792
 3738.488
 3739.164
 3739.820
 3740.472
 3741.136
 3741.796
 3742.456
 3743.120
 3743.784
 3744.432
 3745.076
 3745.712
 3746.360
 3746.996
 3747.648
 3748.300
 3748.980
 3749.664
 3750.336
 3751.012
 3751.712
 3752.420
 3753.116
 3753.824
 3754.532
 3755.248
 3755.940
 3756.632
 3757.324
 3758.028
 3758.696
 3759.360
 3760.020
 3760.680
 3761.352
 3761.992
 3762.640
 3763.280
 3763.928
 3764.576
 3765.216
 3765.860
 3766.508
 3767.164
 3767.820
 3768.480
 3769.148
 3769.828
 3770.480
 3771.128
 3771.776
 3772.412
 3773.044
 3773.684
 3774.344
 3774.992
 3775.644
 3776.300
 3776.988
 3777.668
 3778.336
 3779.008
 3779.688
 3780.368
 3781.052
 3781.740
 3782.432
 3783.104
 3783.772
 3784.456
 3785.124
 3785.784
 3786.444
 3787.112
 3787.784
 3788.456
 3789.124
 3789.776
 3790.424
 3791.068
 3791.724
 3792.388
 3793.028
 3793.668
 3794.308
 3794.936
 3795.576
 3796.236
 3796.920
 3797.588
 3798.268
 3798.972
 3799.664
 3800.348
 3801.032
 3801.748
 3802.432
 3803.128
 3803.816
 3804.512
 3805.188
 3805.872
 3806.568
 3807.260
 3807.936
 3808.592
 3809.244
 3809.884
 3810.500
 3811.112
 3811.728
 3812.356
 3812.976
 3813.596
 3814.232
 3814.884
 3815.528
 3816.168
 3816.820
 3817.480
 3818.136
 3818.800
 3819.496
 3820.180
 3820.848
 3821.528
 3822.216
 3822.884
 3823.564
 3824.244
 3824.948
 3825.628
 3826.316
 3827.008
 3827.712
 3828.384
 3829.068
 3829.748
 3830.428
 3831.092
 3831.756
 3832.428
 3833.096
 3833.752
 3834.388
 3835.056
 3835.724
 3836.384
 3837.040
 3837.700
 3838.344
 3838.984
 3839.624
 3840.260
 3840.892
 3841.528
 3842.192
 3842.856
 3843.532
 3844.220
 3844.916
 3845.592
 3846.280
 3846.960
 3847.624
 3848.280
 3848.932
 3849.592
 3850.256
 3850.904
 3851.548
 3852.204
 3852.876
 3853.552
 3854.220
 3854.884
 3855.552
 3856.212
 3856.864
 3857.516
 3858.180
 3858.864
 3859.544
 3860.244
 3860.984
 3861.708
 3862.440
 3863.172
 3863.928
 3864.672
 3865.364
 3866.052
 3866.744
 3867.452
 3868.176
 3868.872
 3869.568
 3870.284
 3871.000
 3871.688
 3872.376
 3873.064
 3873.772
 3874.472
 3875.144
 3875.824
 3876.516
 3877.212
 3877.888
 3878.572
 3879.248
 3879.912
 3880.584
 3881.252
 3881.920
 3882.584
 3883.220
 3883.856
 3884.496
 3885.136
 3885.788
 3886.432
 3887.104
 3887.768
 3888.452
 3889.140
 3889.848
 3890.532
 3891.216
 3891.896
 3892.560
 3893.216
 3893.860
 3894.500
 3895.140
 3895.792
 3896.444
 3897.096
 3897.756
 3898.424
 3899.084
 3899.760
 3900.440
 3901.112
 3901.796
 3902.488
 3903.188
 3903.884
 3904.584
 3905.300
 3905.984
 3906.672
 3907.384
 3908.120
 3908.808
 3909.504
 3910.212
 3910.920
 3911.596
 3912.256
 3912.912
 3913.572
 3914.224
 3914.868
 3915.520
 3916.196
 3916.892
 3917.548
 3918.208
 3918.884
 3919.576
 3920.248
 3920.928
 3921.620
 3922.340
 3923.012
 3923.684
 3924.368
 3925.052
 3925.712
 3926.372
 3927.044
 3927.748
 3928.424
 3929.108
 3929.792
 3930.492
 3931.180
 3931.852
 3932.528
 3933.228
 3933.924
 3934.596
 3935.284
 3935.984
 3936.692
 3937.364
 3938.028
 3938.700
 3939.376
 3940.032
 3940.692
 3941.356
 3942.012
 3942.672
 3943.332
 3943.992
 3944.648
 3945.300
 3945.964
 3946.620
 3947.292
 3947.992
 3948.672
 3949.360
 3950.060
 3950.748
 3951.456
 3952.164
 3952.864
 3953.536
 3954.212
 3954.900
 3955.600
 3956.264
 3956.932
 3957.604
 3958.296
 3958.968
 3959.636
 3960.300
 3960.976
 3961.652
 3962.304
 3962.964
 3963.632
 3964.312
 3964.968
 3965.632
 3966.304
 3967.000
 3967.684
 3968.348
 3969.008
 3969.652
 3970.284
 3970.912
 3971.552
 3972.192
 3972.832
 3973.484
 3974.164
 3974.888
 3975.600
 3976.276
 3976.948
 3977.612
 3978.284
 3978.944
 3979.612
 3980.296
 3980.992
 3981.684
 3982.368
 3983.068
 3983.752
 3984.424
 3985.096
 3985.776
 3986.436
 3987.080
 3987.728
 3988.384
 3989.076
 3989.736
 3990.412
 3991.088
 3991.784
 3992.456
 3993.136
 3993.808
 3994.496
 3995.160
 3995.840
 3996.516
 3997.228
 3997.920
 3998.612
 3999.304
 3999.984
 4000.632
 4001.284
 4001.936
 4002.580
 4003.224
 4003.872
 4004.532
 4005.188
 4005.852
 4006.512
 4007.184
 4007.844
 4008.512
 4009.176
 4009.836
 4010.500
 4011.172
 4011.856
 4012.512
 4013.180
 4013.856
 4014.540
 4015.204
 4015.872
 4016.560
 4017.252
 4017.920
 4018.588
 4019.256
 4019.928
 4020.580
 4021.240
 4021.912
 4022.584
 4023.232
 4023.892
 4024.552
 4025.212
 4025.856
 4026.504
 4027.152
 4027.804
 4028.456
 4029.108
 4029.768
 4030.416
 4031.068
 4031.732
 4032.396
 4033.052
 4033.720
 4034.396
 4035.080
 4035.760
 4036.436
 4037.096
 4037.748
 4038.392
 4039.040
 4039.716
 4040.408
 4041.092
 4041.772
 4042.452
 4043.160
 4043.876
 4044.556
 4045.236
 4045.916
 4046.604
 4047.300
 4048.000
 4048.692
 4049.412
 4050.124
 4050.800
 4051.484
 4052.188
 4052.900
 4053.588
 4054.276
 4054.976
 4055.696
 4056.436
 4057.168
 4057.864
 4058.568
 4059.288
 4060.008
 4060.720
 4061.396
 4062.064
 4062.724
 4063.388
 4064.044
 4064.684
 4065.320
 4065.956
 4066.588
 4067.216
 4067.848
 4068.488
 4069.132
 4069.788
 4070.468
 4071.152
 4071.856
 4072.580
 4073.284
 4074.008
 4074.712
 4075.388
 4076.052
 4076.708
 4077.364
 4078.008
 4078.644
 4079.284
 4079.940
 4080.612
 4081.284
 4081.960
 4082.652
 4083.368
 4084.056
 4084.744
 4085.440
 4086.168
 4086.872
 4087.576
 4088.276
 4088.992
 4089.696
 4090.376
 4091.068
 4091.768
 4092.492
 4093.188
 4093.892
 4094.592
 4095.308
 4096.024
 4096.704
 4097.388
 4098.080
 4098.784
 4099.456
 4100.128
 4100.808
 4101.508
 4102.192
 4102.856
 4103.524
 4104.192
 4104.844
 4105.512
 4106.184
 4106.844
 4107.504
 4108.164
 4108.836
 4109.520
 4110.204
 4110.904
 4111.600
 4112.300
 4113.024
 4113.744
 4114.448
 4115.164
 4115.904
 4116.604
 4117.312
 4118.012
 4118.708
 4119.408
 4120.104
 4120.800
 4121.456
 4122.108
 4122.764
 4123.420
 4124.064
 4124.708
 4125.364
 4126.016
 4126.672
 4127.336
 4128.004
 4128.656
 4129.304
 4129.960
 4130.620
 4131.268
 4131.916
 4132.572
 4133.236
 4133.912
 4134.608
 4135.308
 4136.004
 4136.704
 4137.428
 4138.124
 4138.812
 4139.492
 4140.168
 4140.828
 4141.488
 4142.144
 4142.816
 4143.484
 4144.140
 4144.788
 4145.436
 4146.084
 4146.724
 4147.348
 4147.972
 4148.600
 4149.236
 4149.868
 4150.504
 4151.148
 4151.804
 4152.456
 4153.104
 4153.772
 4154.452
 4155.120
 4155.792
 4156.476
 4157.160
 4157.820
 4158.488
 4159.152
 4159.812
 4160.464
 4161.100
 4161.728
 4162.364
 4163.000
 4163.620
 4164.240
 4164.864
 4165.488
 4166.124
 4166.760
 4167.412
 4168.048
 4168.696
 4169.352
 4170.016
 4170.668
 4171.324
 4171.996
 4172.664
 4173.336
 4174.016
 4174.688
 4175.380
 4176.064
 4176.768
 4177.452
 4178.136
 4178.812
 4179.516
 4180.196
 4180.900
 4181.592
 4182.268
 4182.928
 4183.592
 4184.256
 4184.948
 4185.612
 4186.260
 4186.916
 4187.568
 4188.220
 4188.876
 4189.532
 4190.224
 4190.920
 4191.608
 4192.312
 4193.052
 4193.804
 4194.532
 4195.216
 4195.900
 4196.580
 4197.260
 4197.928
 4198.580
 4199.232
 4199.900
 4200.648
 4201.384
 4202.084
 4202.804
 4203.532
 4204.284
 4204.980
 4205.676
 4206.368
 4207.080
 4207.772
 4208.460
 4209.148
 4209.836
 4210.508
 4211.176
 4211.852
 4212.512
 4213.172
 4213.840
 4214.520
 4215.188
 4215.864
 4216.536
 4217.208
 4217.892
 4218.592
 4219.268
 4219.964
 4220.676
 4221.380
 4222.056
 4222.736
 4223.416
 4224.104
 4224.772
 4225.440
 4226.108
 4226.780
 4227.432
 4228.088
 4228.744
 4229.400
 4230.040
 4230.684
 4231.332
 4231.988
 4232.632
 4233.284
 4233.944
 4234.624
 4235.284
 4235.928
 4236.568
 4237.212
 4237.864
 4238.504
 4239.148
 4239.804
 4240.464
 4241.120
 4241.788
 4242.468
 4243.156
 4243.832
 4244.508
 4245.208
 4245.908
 4246.592
 4247.288
 4247.996
 4248.672
 4249.352
 4250.028
 4250.720
 4251.388
 4252.056
 4252.736
 4253.444
 4254.116
 4254.800
 4255.504
 4256.208
 4256.880
 4257.556
 4258.232
 4258.924
 4259.592
 4260.256
 4260.920
 4261.604
 4262.268
 4262.936
 4263.608
 4264.312
 4264.976
 4265.640
 4266.316
 4267.012
 4267.700
 4268.388
 4269.080
 4269.792
 4270.468
 4271.152
 4271.848
 4272.540
 4273.228
 4273.920
 4274.636
 4275.320
 4276.012
 4276.692
 4277.380
 4278.052
 4278.708
 4279.360
 4280.016
 4280.680
 4281.324
 4281.972
 4282.636
 4283.288
 4283.940
 4284.596
 4285.244
 4285.880
 4286.516
 4287.156
 4287.804
 4288.448
 4289.084
 4289.728
 4290.396
 4291.092
 4291.788
 4292.460
 4293.152
 4293.844
 4294.528
 4295.192
 4295.860
 4296.540
 4297.212
 4297.904
 4298.616
 4299.332
 4300.040
 4300.740
 4301.448
 4302.152
 4302.840
 4303.536
 4304.224
 4304.924
 4305.636
 4306.316
 4307.000
 4307.684
 4308.380
 4309.064
 4309.740
 4310.420
 4311.080
 4311.736
 4312.380
 4313.032
 4313.696
 4314.380
 4315.060
 4315.756
 4316.488
 4317.212
 4317.928
 4318.648
 4319.408
 4320.160
 4320.896
 4321.648
 4322.416
 4323.184
 4323.920
 4324.652
 4325.416
 4326.144
 4326.856
 4327.564
 4328.284
 4328.988
 4329.676
 4330.348
 4331.036
 4331.720
 4332.388
 4333.048
 4333.716
 4334.380
 4335.036
 4335.696
 4336.372
 4337.072
 4337.744
 4338.420
 4339.108
 4339.820
 4340.500
 4341.196
 4341.908
 4342.640
 4343.364
 4344.064
 4344.776
 4345.496
 4346.220
 4346.932
 4347.640
 4348.348
 4349.060
 4349.764
 4350.436
 4351.104
 4351.764
 4352.420
 4353.060
 4353.684
 4354.300
 4354.916
 4355.524
 4356.144
 4356.760
 4357.388
 4358.024
 4358.704
 4359.372
 4360.052
 4360.752
 4361.472
 4362.156
 4362.848
 4363.556
 4364.280
 4365.008
 4365.708
 4366.408
 4367.140
 4367.872
 4368.556
 4369.244
 4369.920
 4370.604
 4371.280
 4371.940
 4372.600
 4373.268
 4373.952
 4374.604
 4375.272
 4375.944
 4376.632
 4377.296
 4377.968
 4378.644
 4379.324
 4380.000
 4380.672
 4381.356
 4382.028
 4382.704
 4383.380
 4384.088
 4384.776
 4385.464
 4386.152
 4386.868
 4387.552
 4388.252
 4388.936
 4389.620
 4390.296
 4390.948
 4391.592
 4392.232
 4392.880
 4393.520
 4394.152
 4394.784
 4395.416
 4396.036
 4396.656
 4397.284
 4397.924
 4398.560
 4399.204
 4399.840
 4400.480
 4401.116
 4401.744
 4402.384
 4403.040
 4403.716
 4404.424
 4405.184
 4405.876
 4406.584
 4407.288
 4408.004
 4408.696
 4409.412
 4410.144
 4410.872
 4411.576
 4412.288
 4413.000
 4413.684
 4414.344
 4415.008
 4415.680
 4416.368
 4417.040
 4417.704
 4418.368
 4419.040
 4419.712
 4420.360
 4421.016
 4421.672
 4422.344
 4423.008
 4423.680
 4424.368
 4425.084
 4425.792
 4426.488
 4427.192
 4427.904
 4428.604
 4429.284
 4429.968
 4430.644
 4431.300
 4431.952
 4432.604
 4433.260
 4433.916
 4434.568
 4435.244
 4435.916
 4436.592
 4437.264
 4437.968
 4438.648
 4439.332
 4440.004
 4440.668
 4441.324
 4441.984
 4442.652
 4443.308
 4443.968
 4444.636
 4445.312
 4445.976
 4446.636
 4447.296
 4447.968
 4448.656
 4449.332
 4450.000
 4450.660
 4451.296
 4451.924
 4452.564
 4453.220
 4453.896
 4454.552
 4455.224
 4455.904
 4456.620
 4457.320
 4457.996
 4458.680
 4459.376
 4460.076
 4460.732
 4461.384
 4462.032
 4462.680
 4463.316
 4463.948
 4464.580
 4465.204
 4465.828
 4466.464
 4467.116
 4467.756
 4468.400
 4469.056
 4469.716
 4470.368
 4471.028
 4471.692
 4472.372
 4473.040
 4473.716
 4474.416
 4475.112
 4475.788
 4476.476
 4477.180
 4477.908
 4478.616
 4479.324
 4480.052
 4480.744
 4481.432
 4482.128
 4482.840
 4483.540
 4484.212
 4484.884
 4485.536
 4486.192
 4486.852
 4487.520
 4488.192
 4488.864
 4489.552
 4490.244
 4490.912
 4491.596
 4492.288
 4493.000
 4493.700
 4494.400
 4495.116
 4495.852
 4496.564
 4497.280
 4498.016
 4498.764
 4499.464
 4500.168
 4500.888
 4501.600
 4502.288
 4502.964
 4503.632
 4504.284
 4504.932
 4505.576
 4506.220
 4506.856
 4507.484
 4508.132
 4508.776
 4509.436
 4510.144
 4510.872
 4511.564
 4512.268
 4512.980
 4513.728
 4514.448
 4515.192
 4515.988
 4516.736
 4517.476
 4518.224
 4518.980
 4519.712
 4520.448
 4521.200
 4521.968
 4522.676
 4523.404
 4524.128
 4524.840
 4525.536
 4526.228
 4526.928
 4527.640
 4528.328
 4529.012
 4529.712
 4530.400
 4531.076
 4531.740
 4532.420
 4533.104
 4533.772
 4534.432
 4535.084
 4535.736
 4536.400
 4537.072
 4537.728
 4538.380
 4539.040
 4539.708
 4540.360
 4541.008
 4541.648
 4542.284
 4542.920
 4543.568
 4544.240
 4544.892
 4545.556
 4546.224
 4546.912
 4547.588
 4548.248
 4548.912
 4549.588
 4550.292
 4550.956
 4551.620
 4552.280
 4552.968
 4553.648
 4554.332
 4555.016
 4555.728
 4556.428
 4557.092
 4557.752
 4558.412
 4559.080
 4559.724
 4560.376
 4561.032
 4561.692
 4562.356
 4563.024
 4563.720
 4564.416
 4565.096
 4565.784
 4566.508
 4567.212
 4567.920
 4568.644
 4569.384
 4570.088
 4570.772
 4571.452
 4572.132
 4572.800
 4573.448
 4574.092
 4574.760
 4575.456
 4576.136
 4576.820
 4577.524
 4578.240
 4578.932
 4579.628
 4580.336
 4581.052
 4581.724
 4582.392
 4583.072
 4583.784
 4584.492
 4585.200
 4585.892
 4586.564
 4587.216
 4587.864
 4588.516
 4589.212
 4589.928
 4590.628
 4591.352
 4592.104
 4592.840
 4593.568
 4594.260
 4594.960
 4595.664
 4596.388
 4597.076
 4597.756
 4598.432
 4599.120
 4599.808
 4600.452
 4601.096
 4601.736
 4602.360
 4602.992
 4603.624
 4604.248
 4604.876
 4605.516
 4606.180
 4606.848
 4607.536
 4608.264
 4608.964
 4609.672
 4610.396
 4611.108
 4611.792
 4612.484
 4613.180
 4613.880
 4614.548
 4615.228
 4615.944
 4616.680
 4617.388
 4618.112
 4618.880
 4619.636
 4620.368
 4621.092
 4621.848
 4622.576
 4623.276
 4623.980
 4624.704
 4625.420
 4626.100
 4626.784
 4627.468
 4628.172
 4628.840
 4629.516
 4630.196
 4630.880
 4631.544
 4632.212
 4632.880
 4633.544
 4634.208
 4634.868
 4635.540
 4636.212
 4636.888
 4637.588
 4638.260
 4638.948
 4639.636
 4640.328
 4640.988
 4641.644
 4642.312
 4642.980
 4643.636
 4644.304
 4644.972
 4645.624
 4646.276
 4646.932
 4647.592
 4648.256
 4648.912
 4649.580
 4650.256
 4650.960
 4651.672
 4652.392
 4653.072
 4653.740
 4654.404
 4655.088
 4655.796
 4656.464
 4657.140
 4657.820
 4658.496
 4659.152
 4659.804
 4660.472
 4661.188
 4661.932
 4662.644
 4663.372
 4664.104
 4664.840
 4665.584
 4666.308
 4666.988
 4667.672
 4668.360
 4669.076
 4669.800
 4670.524
 4671.220
 4671.904
 4672.588
 4673.292
 4673.996
 4674.664
 4675.332
 4675.992
 4676.652
 4677.312
 4677.960
 4678.616
 4679.272
 4679.940
 4680.612
 4681.308
 4681.988
 4682.672
 4683.372
 4684.056
 4684.732
 4685.412
 4686.116
 4686.820
 4687.504
 4688.180
 4688.864
 4689.524
 4690.204
 4690.892
 4691.604
 4692.280
 4692.972
 4693.656
 4694.352
 4695.024
 4695.700
 4696.380
 4697.068
 4697.748
 4698.428
 4699.120
 4699.800
 4700.480
 4701.160
 4701.840
 4702.516
 4703.192
 4703.860
 4704.524
 4705.188
 4705.872
 4706.564
 4707.240
 4707.920
 4708.620
 4709.304
 4709.960
 4710.612
 4711.268
 4711.920
 4712.568
 4713.208
 4713.864
 4714.516
 4715.168
 4715.844
 4716.528
 4717.196
 4717.868
 4718.576
 4719.284
 4720.016
 4720.768
 4721.544
 4722.280
 4723.000
 4723.696
 4724.392
 4725.068
 4725.736
 4726.404
 4727.072
 4727.732
 4728.420
 4729.112
 4729.792
 4730.476
 4731.156
 4731.824
 4732.488
 4733.156
 4733.832
 4734.520
 4735.208
 4735.908
 4736.624
 4737.328
 4738.060
 4738.788
 4739.544
 4740.256
 4740.944
 4741.628
 4742.328
 4743.048
 4743.736
 4744.436
 4745.168
 4745.912
 4746.636
 4747.328
 4748.016
 4748.708
 4749.416
 4750.100
 4750.780
 4751.472
 4752.192
 4752.912
 4753.660
 4754.424
 4755.160
 4755.884
 4756.608
 4757.356
 4758.092
 4758.796
 4759.508
 4760.256
 4761.024
 4761.740
 4762.464
 4763.184
 4763.900
 4764.592
 4765.272
 4765.948
 4766.636
 4767.300
 4767.952
 4768.612
 4769.300
 4769.984
 4770.660
 4771.340
 4772.004
 4772.660
 4773.320
 4773.996
 4774.656
 4775.324
 4776.004
 4776.712
 4777.408
 4778.096
 4778.776
 4779.476
 4780.172
 4780.856
 4781.536
 4782.240
 4782.932
 4783.620
 4784.312
 4785.012
 4785.716
 4786.408
 4787.092
 4787.796
 4788.488
 4789.172
 4789.848
 4790.532
 4791.188
 4791.848
 4792.508
 4793.184
 4793.852
 4794.504
 4795.156
 4795.816
 4796.480
 4797.152
 4797.808
 4798.460
 4799.124
 4799.808
 4800.472
